22
0 56 128 106 179 168 183 234 231 202 216 230 220 286 313 325 330 380 398 393 433 446
56 0 94 65 133 120 135 188 186 156 170 184 174 241 267 279 284 335 352 347 387 400
128 94 0 54 84 75 87 137 134 104 116 130 120 183 210 222 227 277 294 289 328 341
106 65 54 0 74 65 77 127 124 94 106 120 110 173 200 212 217 267 284 279 318 331
179 133 84 74 0 35 48 95 91 62 72 86 76 137 163 175 180 229 246 241 280 293
168 120 75 65 35 0 25 57 53 28 38 52 42 103 129 141 146 195 212 207 246 259
183 135 87 77 48 25 0 26 22 17 23 37 27 88 114 126 131 180 197 192 231 244
234 188 137 127 95 57 26 0 10 22 20 34 24 67 93 105 110 159 176 171 210 223
231 186 134 124 91 53 22 10 0 14 10 24 14 57 83 95 100 149 166 161 200 213
202 156 104 94 62 28 17 22 14 0 10 24 14 75 101 113 118 167 184 179 218 231
216 170 116 106 72 38 23 20 10 10 0 14 4 67 93 105 110 159 176 171 210 223
230 184 130 120 86 52 37 34 24 24 14 0 10 57 83 95 100 149 166 161 200 213
220 174 120 110 76 42 27 24 14 14 4 10 0 57 83 95 100 149 166 161 200 213
286 241 183 173 137 103 88 67 57 75 67 57 57 0 26 38 43 93 110 105 144 157
313 267 210 200 163 129 114 93 83 101 93 83 83 26 0 15 20 68 85 80 119 132
325 279 222 212 175 141 126 105 95 113 105 95 95 38 15 0 8 56 73 68 107 120
330 284 227 217 180 146 131 110 100 118 110 100 100 43 20 8 0 48 65 60 99 112
380 335 277 267 229 195 180 159 149 167 159 149 149 93 68 56 48 0 17 12 51 64
398 352 294 284 246 212 197 176 166 184 176 166 166 110 85 73 65 17 0 5 34 47
393 347 289 279 241 207 192 171 161 179 171 161 161 105 80 68 60 12 5 0 29 42
433 387 328 318 280 246 231 210 200 218 210 200 200 144 119 107 99 51 34 29 0 13
446 400 341 331 293 259 244 223 213 231 223 213 213 157 132 120 112 64 47 42 13 0